13500047368
13500057368
13500067368
13501557368
13501567368
13501577368
13501587368
13501597368
13502807368
13502817368
13502827368
13502837368
13502847368
13502857368
13502867368
13502877368
13502887368
13502897368
13509607368
13509617368
13509627368
13509637368
13509647368
13509657368
13509667368
13509677368
13509687368
13509697368
13510007368
13510017368
13510027368
13510037368
13510047368
13510057368
13510067368
13510077368
13510087368
13510097368
13510107368
13510117368
13510127368
13510137368
13510147368
13510157368
13510167368
13510177368
13510187368
13510197368
13510207368
13510217368
13510227368
13510237368
13510247368
13510257368
13510267368
13510277368
13510287368
13510297368
13510307368
13510317368
13510327368
13510337368
13510347368
13510357368
13510367368
13510377368
13510387368
13510397368
13510407368
13510417368
13510427368
13510437368
13510447368
13510457368
13510467368
13510477368
13510487368
13510497368
13510507368
13510517368
13510527368
13510537368
13510547368
13510557368
13510567368
13510577368
13510587368
13510597368
13510607368
13510617368
13510627368
13510637368
13510647368
13510657368
13510667368
13510677368
13510687368
13510697368
13510707368
13510717368
